single point
         hk000                      6.063027900000000    1.000000000000000   0.0000000000000000
         hk001                      5.034907700000000    1.000000000000000   0.0000000000000000
         hk002                      3.814540400000000    1.000000000000000   0.0000000000000000
         hk003                      5.000000000000000    1.000000000000000   0.0000000000000000
         hk004                      6.508376100000000    1.000000000000000   0.0000000000000000
         hk005                      6.035485400000000    1.000000000000000   0.0000000000000000
         hk006                      5.358650200000000    1.000000000000000   0.0000000000000000
         hk007                      4.302983900000000    1.000000000000000   0.0000000000000000
         hk008                      5.000000000000000    1.000000000000000   0.0000000000000000
         hk009                      4.583692800000000    1.000000000000000   0.0000000000000000
         hk010                      7.424475800000000    1.000000000000000   0.0000000000000000
         hk011                      3.901898500000000    1.000000000000000   0.0000000000000000
         hk012                      5.000000000000000    1.000000000000000   0.0000000000000000
         hk013                      4.131913400000000    1.000000000000000   0.0000000000000000
         hk014                      5.246130400000000    1.000000000000000   0.0000000000000000
         hk015                      5.000000000000000    1.000000000000000   0.0000000000000000
         hk016                      6.040117800000000    1.000000000000000   0.0000000000000000
         hk017                      4.058788800000000    1.000000000000000   0.0000000000000000
         hk018                      5.000000000000000    1.000000000000000   0.0000000000000000
         hk019                      5.542593400000000    1.000000000000000   0.0000000000000000
         hk020                      5.160814700000000    1.000000000000000   0.0000000000000000
         hk021                      5.000000000000000    1.000000000000000   0.0000000000000000
         hk022                      4.802250800000000    1.000000000000000   0.0000000000000000
         hk023                      5.264603500000000    1.000000000000000   0.0000000000000000
         hk024                      5.000000000000000    1.000000000000000   0.0000000000000000
         hk025                      5.000000000000000    1.000000000000000   0.0000000000000000
         hk026                      4.623531800000000    1.000000000000000   0.0000000000000000
         hk027                      5.966643900000000    1.000000000000000   0.0000000000000000
         hk028                      4.670567300000000    1.000000000000000   0.0000000000000000
         hk029                      4.589856800000000    1.000000000000000   0.0000000000000000
         hk030                      5.000000000000000    1.000000000000000   0.0000000000000000
         hk031                      5.305240500000000    1.000000000000000   0.0000000000000000
         hk032                      5.296272400000000    1.000000000000000   0.0000000000000000
         hk033                      4.623169300000000    1.000000000000000   0.0000000000000000
         hk034                      5.000000000000000    1.000000000000000   0.0000000000000000
         hk035                      3.979017900000000    1.000000000000000   0.0000000000000000
         hk036                      4.399763200000000    1.000000000000000   0.0000000000000000
         hk037                      4.039867500000000    1.000000000000000   0.0000000000000000
         hk038                      5.208036900000000    1.000000000000000   0.0000000000000000
         hk039                      5.000000000000000    1.000000000000000   0.0000000000000000
         hk040                      4.788563900000000    1.000000000000000   0.0000000000000000
         hk041                      5.230100900000000    1.000000000000000   0.0000000000000000
         hk042                      4.868969500000000    1.000000000000000   0.0000000000000000
         hk043                      6.098450000000000    1.000000000000000   0.0000000000000000
         hk044                      5.000000000000000    1.000000000000000   0.0000000000000000
         hk045                      5.477789800000000    1.000000000000000   0.0000000000000000
         hk046                      5.076072000000000    1.000000000000000   0.0000000000000000
         hk047                      4.584197000000000    1.000000000000000   0.0000000000000000
         hk048                      5.000000000000000    1.000000000000000   0.0000000000000000
         hk049                      5.000000000000000    1.000000000000000   0.0000000000000000
         hk050                      4.963402600000000    1.000000000000000   0.0000000000000000
         hk051                      5.067012500000000    1.000000000000000   0.0000000000000000
         hk052                      4.487115100000000    1.000000000000000   0.0000000000000000
         hk053                      5.000000000000000    1.000000000000000   0.0000000000000000
         hk054                      5.000000000000000    1.000000000000000   0.0000000000000000
         hk055                      4.149715400000000    1.000000000000000   0.0000000000000000
         hk056                      5.000000000000000    1.000000000000000   0.0000000000000000
         hk057                      5.000000000000000    1.000000000000000   0.0000000000000000
         hk058                      4.635415400000000    1.000000000000000   0.0000000000000000
         hk059                      5.000000000000000    1.000000000000000   0.0000000000000000
         hk100                      4.809160800000000    1.000000000000000   0.0000000000000000
         hk101                      6.400245400000000    1.000000000000000   0.0000000000000000
         hk102                      2.952803000000000    1.000000000000000   0.0000000000000000
         hk103                      5.000000000000000    1.000000000000000   0.0000000000000000
         hk104                      5.683270300000000    1.000000000000000   0.0000000000000000
         hk105                      4.529225500000000    1.000000000000000   0.0000000000000000
         hk106                      5.000000000000000    1.000000000000000   0.0000000000000000
         hk107                      3.609886000000000    1.000000000000000   0.0000000000000000
         hk108                      5.000000000000000    1.000000000000000   0.0000000000000000
         hk109                      4.144584600000000    1.000000000000000   0.0000000000000000
         hk110                      10.74991100000000    1.000000000000000   0.0000000000000000
         hk111                      3.472023500000000    1.000000000000000   0.0000000000000000
         hk112                      5.000000000000000    1.000000000000000   0.0000000000000000
         hk113                      5.462012900000000    1.000000000000000   0.0000000000000000
         hk114                      6.066139500000000    1.000000000000000   0.0000000000000000
         hk115                      5.000000000000000    1.000000000000000   0.0000000000000000
         hk116                      4.345603300000000    1.000000000000000   0.0000000000000000
         hk117                      5.388728400000000    1.000000000000000   0.0000000000000000
         hk118                      5.000000000000000    1.000000000000000   0.0000000000000000
         hk119                      5.577651600000000    1.000000000000000   0.0000000000000000
         hk120                      6.462090600000000    1.000000000000000   0.0000000000000000
         hk121                      5.000000000000000    1.000000000000000   0.0000000000000000
         hk122                      3.857218000000000    1.000000000000000   0.0000000000000000
         hk123                      4.503832700000000    1.000000000000000   0.0000000000000000
         hk124                      5.000000000000000    1.000000000000000   0.0000000000000000
         hk125                      5.000000000000000    1.000000000000000   0.0000000000000000
         hk126                      3.884754300000000    1.000000000000000   0.0000000000000000
         hk127                      5.547064900000000    1.000000000000000   0.0000000000000000
         hk128                      5.206606500000000    1.000000000000000   0.0000000000000000
         hk129                      4.757037500000000    1.000000000000000   0.0000000000000000
         hk130                      5.000000000000000    1.000000000000000   0.0000000000000000
         hk131                      6.035426300000000    1.000000000000000   0.0000000000000000
         hk132                      4.514554900000000    1.000000000000000   0.0000000000000000
         hk133                      5.856850900000000    1.000000000000000   0.0000000000000000
         hk134                      5.000000000000000    1.000000000000000   0.0000000000000000
         hk135                      5.128511800000000    1.000000000000000   0.0000000000000000
         hk136                      4.922088200000000    1.000000000000000   0.0000000000000000
         hk137                      4.710169500000000    1.000000000000000   0.0000000000000000
         hk138                      6.940436200000000    1.000000000000000   0.0000000000000000
         hk139                      5.000000000000000    1.000000000000000   0.0000000000000000
         hk140                      4.740319100000000    1.000000000000000   0.0000000000000000
         hk141                      5.384317800000000    1.000000000000000   0.0000000000000000
         hk142                      5.436251600000000    1.000000000000000   0.0000000000000000
         hk143                      5.904008900000000    1.000000000000000   0.0000000000000000
         hk144                      5.000000000000000    1.000000000000000   0.0000000000000000
         hk145                      4.893089000000000    1.000000000000000   0.0000000000000000
         hk146                      4.998877300000000    1.000000000000000   0.0000000000000000
         hk147                      4.814661400000000    1.000000000000000   0.0000000000000000
         hk148                      5.000000000000000    1.000000000000000   0.0000000000000000
         hk149                      5.000000000000000    1.000000000000000   0.0000000000000000
         hk150                      4.438218900000000    1.000000000000000   0.0000000000000000
         hk151                      5.452410900000000    1.000000000000000   0.0000000000000000
         hk152                      5.294472400000000    1.000000000000000   0.0000000000000000
         hk153                      5.000000000000000    1.000000000000000   0.0000000000000000
         hk154                      5.000000000000000    1.000000000000000   0.0000000000000000
         hk155                      4.813114700000000    1.000000000000000   0.0000000000000000
         hk156                      5.927326300000000    1.000000000000000   0.0000000000000000
         hk157                      5.000000000000000    1.000000000000000   0.0000000000000000
         hk158                      4.232328200000000    1.000000000000000   0.0000000000000000
         hk159                      5.000000000000000    1.000000000000000   0.0000000000000000
         hk200                      10.07746200000000    1.000000000000000   0.0000000000000000
         hk201                      7.829877500000000    1.000000000000000   0.0000000000000000
         hk202                      3.334324500000000    1.000000000000000   0.0000000000000000
         hk203                      5.000000000000000    1.000000000000000   0.0000000000000000
         hk204                      8.761298500000001    1.000000000000000   0.0000000000000000
         hk205                      5.106989000000000    1.000000000000000   0.0000000000000000
         hk206                      5.000000000000000    1.000000000000000   0.0000000000000000
         hk207                      5.000000000000000    1.000000000000000   0.0000000000000000
         hk208                      5.000000000000000    1.000000000000000   0.0000000000000000
         hk209                      3.814621500000000    1.000000000000000   0.0000000000000000
         hk210                      9.329361600000000    1.000000000000000   0.0000000000000000
         hk211                      2.893030300000000    1.000000000000000   0.0000000000000000
         hk212                      5.000000000000000    1.000000000000000   0.0000000000000000
         hk213                      6.317144700000000    1.000000000000000   0.0000000000000000
         hk214                      5.725583400000000    1.000000000000000   0.0000000000000000
         hk215                      5.000000000000000    1.000000000000000   0.0000000000000000
         hk216                      5.401599200000000    1.000000000000000   0.0000000000000000
         hk217                      4.002142500000000    1.000000000000000   0.0000000000000000
         hk218                      5.891537000000000    1.000000000000000   0.0000000000000000
         hk219                      5.438639600000000    1.000000000000000   0.0000000000000000
         hk220                      8.127231500000001    1.000000000000000   0.0000000000000000
         hk221                      5.000000000000000    1.000000000000000   0.0000000000000000
         hk222                      4.575640500000000    1.000000000000000   0.0000000000000000
         hk223                      4.451890200000000    1.000000000000000   0.0000000000000000
         hk224                      7.253026100000000    1.000000000000000   0.0000000000000000
         hk225                      5.000000000000000    1.000000000000000   0.0000000000000000
         hk226                      4.609897600000000    1.000000000000000   0.0000000000000000
         hk227                      5.844964200000000    1.000000000000000   0.0000000000000000
         hk228                      4.832786000000000    1.000000000000000   0.0000000000000000
         hk229                      5.000000000000000    1.000000000000000   0.0000000000000000
         hk230                      5.000000000000000    1.000000000000000   0.0000000000000000
         hk231                      4.707094600000000    1.000000000000000   0.0000000000000000
         hk232                      4.442354900000000    1.000000000000000   0.0000000000000000
         hk233                      4.669626500000000    1.000000000000000   0.0000000000000000
         hk234                      5.000000000000000    1.000000000000000   0.0000000000000000
         hk235                      3.590786000000000    1.000000000000000   0.0000000000000000
         hk236                      4.322934100000000    1.000000000000000   0.0000000000000000
         hk237                      4.581106900000000    1.000000000000000   0.0000000000000000
         hk238                      5.000000000000000    1.000000000000000   0.0000000000000000
         hk239                      5.000000000000000    1.000000000000000   0.0000000000000000
         hk240                      3.155556100000000    1.000000000000000   0.0000000000000000
         hk241                      5.914609600000000    1.000000000000000   0.0000000000000000
         hk242                      6.629382400000000    1.000000000000000   0.0000000000000000
         hk243                      5.000000000000000    1.000000000000000   0.0000000000000000
         hk244                      5.000000000000000    1.000000000000000   0.0000000000000000
         hk245                      3.062713400000000    1.000000000000000   0.0000000000000000
         hk246                      5.020928600000000    1.000000000000000   0.0000000000000000
         hk247                      5.228538900000000    1.000000000000000   0.0000000000000000
         hk248                      5.000000000000000    1.000000000000000   0.0000000000000000
         hk249                      5.000000000000000    1.000000000000000   0.0000000000000000
         hk250                      3.758759900000000    1.000000000000000   0.0000000000000000
         hk251                      5.843305000000000    1.000000000000000   0.0000000000000000
         hk252                      4.340566200000000    1.000000000000000   0.0000000000000000
         hk253                      5.000000000000000    1.000000000000000   0.0000000000000000
         hk254                      5.000000000000000    1.000000000000000   0.0000000000000000
         hk255                      6.376580100000000    1.000000000000000   0.0000000000000000
         hk256                      4.888560200000000    1.000000000000000   0.0000000000000000
         hk257                      5.000000000000000    1.000000000000000   0.0000000000000000
         hk258                      4.661488700000000    1.000000000000000   0.0000000000000000
         hk259                      5.000000000000000    1.000000000000000   0.0000000000000000
         hk300                      6.057171900000000    1.000000000000000   0.0000000000000000
         hk301                      6.262352300000000    1.000000000000000   0.0000000000000000
         hk302                      1.687650600000000    1.000000000000000   0.0000000000000000
         hk303                      5.000000000000000    1.000000000000000   0.0000000000000000
         hk304                      10.81093900000000    1.000000000000000   0.0000000000000000
         hk305                      10.63146600000000    1.000000000000000   0.0000000000000000
         hk306                      5.000000000000000    1.000000000000000   0.0000000000000000
         hk307                      5.000000000000000    1.000000000000000   0.0000000000000000
         hk308                      5.000000000000000    1.000000000000000   0.0000000000000000
         hk309                      4.336376800000000    1.000000000000000   0.0000000000000000
         hk310                      6.241059400000000    1.000000000000000   0.0000000000000000
         hk311                      2.281331400000000    1.000000000000000   0.0000000000000000
         hk312                      5.000000000000000    1.000000000000000   0.0000000000000000
         hk313                      5.706622000000000    1.000000000000000   0.0000000000000000
         hk314                      5.485292600000000    1.000000000000000   0.0000000000000000
         hk315                      5.000000000000000    1.000000000000000   0.0000000000000000
         hk316                      5.519666200000000    1.000000000000000   0.0000000000000000
         hk317                      5.581954700000000    1.000000000000000   0.0000000000000000
         hk318                      5.861447300000000    1.000000000000000   0.0000000000000000
         hk319                      4.265623700000000    1.000000000000000   0.0000000000000000
         hk320                      4.991706700000000    1.000000000000000   0.0000000000000000
         hk321                      5.000000000000000    1.000000000000000   0.0000000000000000
         hk322                      5.389894500000000    1.000000000000000   0.0000000000000000
         hk323                      6.324534800000000    1.000000000000000   0.0000000000000000
         hk324                      5.045064500000000    1.000000000000000   0.0000000000000000
         hk325                      5.000000000000000    1.000000000000000   0.0000000000000000
         hk326                      6.777411300000000    1.000000000000000   0.0000000000000000
         hk327                      4.957713000000000    1.000000000000000   0.0000000000000000
         hk328                      4.974376000000000    1.000000000000000   0.0000000000000000
         hk329                      4.537427200000000    1.000000000000000   0.0000000000000000
         hk330                      5.000000000000000    1.000000000000000   0.0000000000000000
         hk331                      4.603957300000000    1.000000000000000   0.0000000000000000
         hk332                      5.006164400000000    1.000000000000000   0.0000000000000000
         hk333                      5.426607100000000    1.000000000000000   0.0000000000000000
         hk334                      5.000000000000000    1.000000000000000   0.0000000000000000
         hk335                      2.194566700000000    1.000000000000000   0.0000000000000000
         hk336                      4.211445400000000    1.000000000000000   0.0000000000000000
         hk337                      6.430336000000000    1.000000000000000   0.0000000000000000
         hk338                      5.000000000000000    1.000000000000000   0.0000000000000000
         hk339                      5.000000000000000    1.000000000000000   0.0000000000000000
         hk340                      2.113393600000000    1.000000000000000   0.0000000000000000
         hk341                      5.973188000000000    1.000000000000000   0.0000000000000000
         hk342                      4.754959900000000    1.000000000000000   0.0000000000000000
         hk343                      5.000000000000000    1.000000000000000   0.0000000000000000
         hk344                      5.000000000000000    1.000000000000000   0.0000000000000000
         hk345                      2.108724200000000    1.000000000000000   0.0000000000000000
         hk346                      5.803330800000000    1.000000000000000   0.0000000000000000
         hk347                      4.936040900000000    1.000000000000000   0.0000000000000000
         hk348                      5.000000000000000    1.000000000000000   0.0000000000000000
         hk349                      5.000000000000000    1.000000000000000   0.0000000000000000
         hk350                      1.812496400000000    1.000000000000000   0.0000000000000000
         hk351                      4.669336000000000    1.000000000000000   0.0000000000000000
         hk352                      5.351817600000000    1.000000000000000   0.0000000000000000
         hk353                      5.000000000000000    1.000000000000000   0.0000000000000000
         hk354                      5.000000000000000    1.000000000000000   0.0000000000000000
         hk355                      5.943990400000000    1.000000000000000   0.0000000000000000
         hk356                      4.477731100000000    1.000000000000000   0.0000000000000000
         hk357                      1.970839800000000    1.000000000000000   0.0000000000000000
         hk358                      4.194950200000000    1.000000000000000   0.0000000000000000
         hk359                      5.000000000000000    1.000000000000000   0.0000000000000000
         hk400                      6.318538200000000    1.000000000000000   0.0000000000000000
         hk401                      1.589305600000000    1.000000000000000   0.0000000000000000
         hk402                      4.661940200000000    1.000000000000000   0.0000000000000000
         hk403                      5.821093900000000    1.000000000000000   0.0000000000000000
         hk404                      11.85709200000000    1.000000000000000   0.0000000000000000
         hk405                      5.000000000000000    1.000000000000000   0.0000000000000000
         hk406                      5.000000000000000    1.000000000000000   0.0000000000000000
         hk407                      5.000000000000000    1.000000000000000   0.0000000000000000
         hk408                      3.806664800000000    1.000000000000000   0.0000000000000000
         hk409                      3.305797400000000    1.000000000000000   0.0000000000000000
         hk410                      1.661581400000000    1.000000000000000   0.0000000000000000
         hk411                      5.000000000000000    1.000000000000000   0.0000000000000000
         hk412                      5.527957600000000    1.000000000000000   0.0000000000000000
         hk413                      5.226683100000000    1.000000000000000   0.0000000000000000
         hk414                      5.000000000000000    1.000000000000000   0.0000000000000000
         hk415                      5.295007700000000    1.000000000000000   0.0000000000000000
         hk416                      7.022923700000000    1.000000000000000   0.0000000000000000
         hk417                      7.945755100000000    1.000000000000000   0.0000000000000000
         hk418                      4.562340400000000    1.000000000000000   0.0000000000000000
         hk419                      6.316078300000000    1.000000000000000   0.0000000000000000
         hk420                      5.000000000000000    1.000000000000000   0.0000000000000000
         hk421                      5.621267500000000    1.000000000000000   0.0000000000000000
         hk422                      6.307819700000000    1.000000000000000   0.0000000000000000
         hk423                      5.000000000000000    1.000000000000000   0.0000000000000000
         hk424                      5.000000000000000    1.000000000000000   0.0000000000000000
         hk425                      4.131811600000000    1.000000000000000   0.0000000000000000
         hk426                      4.665247300000000    1.000000000000000   0.0000000000000000
         hk427                      5.013456700000000    1.000000000000000   0.0000000000000000
         hk428                      4.320325200000000    1.000000000000000   0.0000000000000000
         hk429                      4.972012600000000    1.000000000000000   0.0000000000000000
         hk430                      4.795110200000000    1.000000000000000   0.0000000000000000
         hk431                      5.556084600000000    1.000000000000000   0.0000000000000000
         hk432                      4.989280300000000    1.000000000000000   0.0000000000000000
         hk433                      5.000000000000000    1.000000000000000   0.0000000000000000
         hk434                      4.453764900000000    1.000000000000000   0.0000000000000000
         hk435                      5.326342000000000    1.000000000000000   0.0000000000000000
         hk436                      5.462368500000000    1.000000000000000   0.0000000000000000
         hk437                      5.000000000000000    1.000000000000000   0.0000000000000000
         hk438                      5.000000000000000    1.000000000000000   0.0000000000000000
         hk439                      3.180302900000000    1.000000000000000   0.0000000000000000
         hk440                      5.742356700000000    1.000000000000000   0.0000000000000000
         hk441                      4.726667100000000    1.000000000000000   0.0000000000000000
         hk442                      5.000000000000000    1.000000000000000   0.0000000000000000
         hk443                      5.000000000000000    1.000000000000000   0.0000000000000000
         hk444                      3.255872500000000    1.000000000000000   0.0000000000000000
         hk445                      4.900118200000000    1.000000000000000   0.0000000000000000
         hk446                      5.447025100000000    1.000000000000000   0.0000000000000000
         hk447                      5.000000000000000    1.000000000000000   0.0000000000000000
         hk448                      4.745672800000000    1.000000000000000   0.0000000000000000
         hk449                      3.963101100000000    1.000000000000000   0.0000000000000000
         hk450                      3.966667200000000    1.000000000000000   0.0000000000000000
         hk451                      4.976746800000000    1.000000000000000   0.0000000000000000
         hk452                      5.000000000000000    1.000000000000000   0.0000000000000000
         hk453                      4.430478300000000    1.000000000000000   0.0000000000000000
         hk454                      3.000370900000000    1.000000000000000   0.0000000000000000
         hk455                      5.596652100000000    1.000000000000000   0.0000000000000000
         hk456                      4.634330300000000    1.000000000000000   0.0000000000000000
         hk457                      5.988562700000000    1.000000000000000   0.0000000000000000
         hk458                      5.000000000000000    1.000000000000000   0.0000000000000000
         hk500                      3.670452200000000    1.000000000000000   0.0000000000000000
         hk501                      2.121706600000000    1.000000000000000   0.0000000000000000
         hk502                      2.004446600000000    1.000000000000000   0.0000000000000000
         hk503                      4.136410900000000    1.000000000000000   0.0000000000000000
         hk504                      8.318706600000001    1.000000000000000   0.0000000000000000
         hk505                      2.766971900000000    1.000000000000000   0.0000000000000000
         hk506                      5.000000000000000    1.000000000000000   0.0000000000000000
         hk507                      0.5000000000000000    1.000000000000000   0.0000000000000000
         hk508                      7.403598600000000    1.000000000000000   0.0000000000000000
         hk509                      4.642961300000000    1.000000000000000   0.0000000000000000
         hk510                      5.000000000000000    1.000000000000000   0.0000000000000000
         hk511                      5.000000000000000    1.000000000000000   0.0000000000000000
         hk512                      4.502600000000000    1.000000000000000   0.0000000000000000
         hk513                      4.216312600000000    1.000000000000000   0.0000000000000000
         hk514                      5.000000000000000    1.000000000000000   0.0000000000000000
         hk515                      5.491032300000000    1.000000000000000   0.0000000000000000
         hk516                      6.413864300000000    1.000000000000000   0.0000000000000000
         hk517                      7.527810900000000    1.000000000000000   0.0000000000000000
         hk518                      5.156717400000000    1.000000000000000   0.0000000000000000
         hk519                      4.762420000000000    1.000000000000000   0.0000000000000000
         hk520                      5.705169200000000    1.000000000000000   0.0000000000000000
         hk521                      5.082984600000000    1.000000000000000   0.0000000000000000
         hk522                      5.201482400000000    1.000000000000000   0.0000000000000000
         hk523                      5.413514700000000    1.000000000000000   0.0000000000000000
         hk524                      4.561870600000000    1.000000000000000   0.0000000000000000
         hk525                      5.444045600000000    1.000000000000000   0.0000000000000000
         hk526                      4.663200400000000    1.000000000000000   0.0000000000000000
         hk527                      4.377361400000000    1.000000000000000   0.0000000000000000
         hk528                      4.849994900000000    1.000000000000000   0.0000000000000000
         hk529                      4.832647400000000    1.000000000000000   0.0000000000000000
         hk530                      4.760667200000000    1.000000000000000   0.0000000000000000
         hk531                      4.678946300000000    1.000000000000000   0.0000000000000000
         hk532                      4.714585300000000    1.000000000000000   0.0000000000000000
         hk533                      5.307728400000000    1.000000000000000   0.0000000000000000
         hk534                      4.903806500000000    1.000000000000000   0.0000000000000000
         hk535                      5.000000000000000    1.000000000000000   0.0000000000000000
         hk536                      5.000000000000000    1.000000000000000   0.0000000000000000
         hk537                      5.338438800000000    1.000000000000000   0.0000000000000000
         hk538                      4.641794000000000    1.000000000000000   0.0000000000000000
         hk539                      5.314390900000000    1.000000000000000   0.0000000000000000
         hk540                      5.000000000000000    1.000000000000000   0.0000000000000000
         hk541                      5.000000000000000    1.000000000000000   0.0000000000000000
         hk542                      5.757027000000000    1.000000000000000   0.0000000000000000
         hk543                      5.025157300000000    1.000000000000000   0.0000000000000000
         hk544                      4.216298700000000    1.000000000000000   0.0000000000000000
         hk545                      5.000000000000000    1.000000000000000   0.0000000000000000
         hk546                      5.691182800000000    1.000000000000000   0.0000000000000000
         hk547                      5.090183900000000    1.000000000000000   0.0000000000000000
         hk548                      4.104563300000000    1.000000000000000   0.0000000000000000
         hk549                      4.832762300000000    1.000000000000000   0.0000000000000000
         hk550                      5.570013900000000    1.000000000000000   0.0000000000000000
         hk551                      5.573305200000000    1.000000000000000   0.0000000000000000
         hk552                      4.736117600000000    1.000000000000000   0.0000000000000000
         hk553                      4.268218200000000    1.000000000000000   0.0000000000000000
         hk554                      5.255225000000000    1.000000000000000   0.0000000000000000
         hk555                      3.918404200000000    1.000000000000000   0.0000000000000000
         hk556                      5.000000000000000    1.000000000000000   0.0000000000000000
         hk600                      4.579085300000000    1.000000000000000   0.0000000000000000
         hk601                      1.554065600000000    1.000000000000000   0.0000000000000000
         hk602                      2.336898200000000    1.000000000000000   0.0000000000000000
         hk603                      5.855741400000000    1.000000000000000   0.0000000000000000
         hk604                      2.339003800000000    1.000000000000000   0.0000000000000000
         hk605                      0.8798863500000000    1.000000000000000   0.0000000000000000
         hk606                      5.550236900000000    1.000000000000000   0.0000000000000000
         hk607                      5.075093300000000    1.000000000000000   0.0000000000000000
         hk608                      1.572424800000000    1.000000000000000   0.0000000000000000
         hk609                      5.000000000000000    1.000000000000000   0.0000000000000000
         hk610                      3.994384600000000    1.000000000000000   0.0000000000000000
         hk611                      1.984724400000000    1.000000000000000   0.0000000000000000
         hk612                      4.810362100000000    1.000000000000000   0.0000000000000000
         hk613                      3.384771400000000    1.000000000000000   0.0000000000000000
         hk614                      3.944726300000000    1.000000000000000   0.0000000000000000
         hk615                      4.627264200000000    1.000000000000000   0.0000000000000000
         hk616                      4.533908000000000    1.000000000000000   0.0000000000000000
         hk617                      3.535686000000000    1.000000000000000   0.0000000000000000
         hk618                      4.506619100000000    1.000000000000000   0.0000000000000000
         hk619                      5.606198600000000    1.000000000000000   0.0000000000000000
         hk620                      3.414067900000000    1.000000000000000   0.0000000000000000
         hk621                      5.577281800000000    1.000000000000000   0.0000000000000000
         hk622                      5.903749800000000    1.000000000000000   0.0000000000000000
         hk623                      4.162770400000000    1.000000000000000   0.0000000000000000
         hk624                      5.792937700000000    1.000000000000000   0.0000000000000000
         hk625                      5.675127100000000    1.000000000000000   0.0000000000000000
         hk626                      4.840151200000000    1.000000000000000   0.0000000000000000
         hk627                      3.332583200000000    1.000000000000000   0.0000000000000000
         hk628                      3.914936000000000    1.000000000000000   0.0000000000000000
         hk629                      5.531922000000000    1.000000000000000   0.0000000000000000
         hk630                      4.093516200000000    1.000000000000000   0.0000000000000000
         hk631                      5.072354900000000    1.000000000000000   0.0000000000000000
         hk632                      5.000000000000000    1.000000000000000   0.0000000000000000
         hk633                      5.000000000000000    1.000000000000000   0.0000000000000000
         hk634                      5.123148700000000    1.000000000000000   0.0000000000000000
         hk635                      4.991396400000000    1.000000000000000   0.0000000000000000
         hk636                      4.810807100000000    1.000000000000000   0.0000000000000000
         hk637                      5.000000000000000    1.000000000000000   0.0000000000000000
         hk638                      4.445469800000000    1.000000000000000   0.0000000000000000
         hk639                      4.752956700000000    1.000000000000000   0.0000000000000000
         hk640                      4.718303600000000    1.000000000000000   0.0000000000000000
         hk641                      4.575996000000000    1.000000000000000   0.0000000000000000
         hk642                      5.150831400000000    1.000000000000000   0.0000000000000000
         hk643                      4.599462300000000    1.000000000000000   0.0000000000000000
         hk644                      5.390563700000000    1.000000000000000   0.0000000000000000
         hk645                      4.730708800000000    1.000000000000000   0.0000000000000000
         hk646                      4.215892800000000    1.000000000000000   0.0000000000000000
         hk647                      5.027225100000000    1.000000000000000   0.0000000000000000
         hk648                      4.888000100000000    1.000000000000000   0.0000000000000000
         hk649                      4.309152100000000    1.000000000000000   0.0000000000000000
         hk650                      4.490167700000000    1.000000000000000   0.0000000000000000
         hk651                      4.661608400000000    1.000000000000000   0.0000000000000000
         hk652                      4.622001400000000    1.000000000000000   0.0000000000000000
         hk653                      4.309207000000000    1.000000000000000   0.0000000000000000
         hk700                      5.249955100000000    1.000000000000000   0.0000000000000000
         hk701                      2.951906300000000    1.000000000000000   0.0000000000000000
         hk702                      2.660516700000000    1.000000000000000   0.0000000000000000
         hk703                      4.339320000000000    1.000000000000000   0.0000000000000000
         hk704                      3.100161800000000    1.000000000000000   0.0000000000000000
         hk705                      2.405619500000000    1.000000000000000   0.0000000000000000
         hk706                      5.208792700000000    1.000000000000000   0.0000000000000000
         hk707                      5.246981000000000    1.000000000000000   0.0000000000000000
         hk708                      5.208478000000000    1.000000000000000   0.0000000000000000
         hk709                      5.897529700000000    1.000000000000000   0.0000000000000000
         hk710                      3.656355400000000    1.000000000000000   0.0000000000000000
         hk711                      4.908721900000000    1.000000000000000   0.0000000000000000
         hk712                      5.390742300000000    1.000000000000000   0.0000000000000000
         hk713                      3.817820500000000    1.000000000000000   0.0000000000000000
         hk714                      4.641224500000000    1.000000000000000   0.0000000000000000
         hk715                      4.416882800000000    1.000000000000000   0.0000000000000000
         hk716                      4.120204600000000    1.000000000000000   0.0000000000000000
         hk717                      4.830390400000000    1.000000000000000   0.0000000000000000
         hk718                      4.185186900000000    1.000000000000000   0.0000000000000000
         hk719                      4.879461100000000    1.000000000000000   0.0000000000000000
         hk720                      5.731080400000000    1.000000000000000   0.0000000000000000
         hk721                      4.651271000000000    1.000000000000000   0.0000000000000000
         hk722                      5.617450200000000    1.000000000000000   0.0000000000000000
         hk723                      4.750334200000000    1.000000000000000   0.0000000000000000
         hk724                      4.276776900000000    1.000000000000000   0.0000000000000000
         hk725                      5.274902700000000    1.000000000000000   0.0000000000000000
         hk726                      4.784593500000000    1.000000000000000   0.0000000000000000
         hk727                      5.038271600000000    1.000000000000000   0.0000000000000000
         hk728                      4.703359700000000    1.000000000000000   0.0000000000000000
         hk729                      5.979249400000000    1.000000000000000   0.0000000000000000
         hk730                      4.799602900000000    1.000000000000000   0.0000000000000000
         hk731                      6.221313300000000    1.000000000000000   0.0000000000000000
         hk732                      4.667400600000000    1.000000000000000   0.0000000000000000
         hk733                      4.870455800000000    1.000000000000000   0.0000000000000000
         hk734                      4.832178600000000    1.000000000000000   0.0000000000000000
         hk735                      5.155177300000000    1.000000000000000   0.0000000000000000
         hk736                      4.273078500000000    1.000000000000000   0.0000000000000000
         hk737                      4.661413700000000    1.000000000000000   0.0000000000000000
         hk738                      5.792083200000000    1.000000000000000   0.0000000000000000
         hk739                      5.540787700000000    1.000000000000000   0.0000000000000000
         hk740                      4.555606900000000    1.000000000000000   0.0000000000000000
         hk741                      4.093507600000000    1.000000000000000   0.0000000000000000
         hk742                      4.492330500000000    1.000000000000000   0.0000000000000000
         hk743                      5.674790900000000    1.000000000000000   0.0000000000000000
         hk744                      6.020847600000000    1.000000000000000   0.0000000000000000
         hk800                      5.124025200000000    1.000000000000000   0.0000000000000000
         hk801                      3.940655000000000    1.000000000000000   0.0000000000000000
         hk802                      4.611370300000000    1.000000000000000   0.0000000000000000
         hk803                      5.194582500000000    1.000000000000000   0.0000000000000000
         hk804                      4.506532100000000    1.000000000000000   0.0000000000000000
         hk805                      4.191253500000000    1.000000000000000   0.0000000000000000
         hk806                      4.814567500000000    1.000000000000000   0.0000000000000000
         hk807                      5.022656600000000    1.000000000000000   0.0000000000000000
         hk808                      5.088845700000000    1.000000000000000   0.0000000000000000
         hk809                      3.981148100000000    1.000000000000000   0.0000000000000000
         hk810                      4.949173900000000    1.000000000000000   0.0000000000000000
         hk811                      4.799060400000000    1.000000000000000   0.0000000000000000
         hk812                      5.259414000000000    1.000000000000000   0.0000000000000000
         hk813                      4.360097500000000    1.000000000000000   0.0000000000000000
         hk814                      4.341873800000000    1.000000000000000   0.0000000000000000
         hk815                      4.537241400000000    1.000000000000000   0.0000000000000000
         hk816                      4.643070700000000    1.000000000000000   0.0000000000000000
         hk817                      4.677523900000000    1.000000000000000   0.0000000000000000
         hk818                      5.477014500000000    1.000000000000000   0.0000000000000000
         hk819                      4.543622000000000    1.000000000000000   0.0000000000000000
         hk820                      5.593353000000000    1.000000000000000   0.0000000000000000
         hk821                      4.347647900000000    1.000000000000000   0.0000000000000000
         hk822                      4.873818600000000    1.000000000000000   0.0000000000000000
         hk823                      4.718555000000000    1.000000000000000   0.0000000000000000
         hk824                      3.885860000000000    1.000000000000000   0.0000000000000000
         hk825                      4.890671900000000    1.000000000000000   0.0000000000000000
         hk826                      5.730393500000000    1.000000000000000   0.0000000000000000
         hk827                      4.507385700000000    1.000000000000000   0.0000000000000000
         hk828                      4.736103800000000    1.000000000000000   0.0000000000000000
         hk829                      4.658903600000000    1.000000000000000   0.0000000000000000
         hk830                      5.044518500000000    1.000000000000000   0.0000000000000000
         hk831                      5.349287900000000    1.000000000000000   0.0000000000000000
         hk832                      4.434818400000000    1.000000000000000   0.0000000000000000
         hk833                      4.598679300000000    1.000000000000000   0.0000000000000000
         hk834                      4.903150600000000    1.000000000000000   0.0000000000000000
         hk835                      4.936075300000000    1.000000000000000   0.0000000000000000
         hk836                      5.067036300000000    1.000000000000000   0.0000000000000000
         hk837                      4.663848700000000    1.000000000000000   0.0000000000000000
         hk838                      5.180753800000000    1.000000000000000   0.0000000000000000
         hk839                      4.518166500000000    1.000000000000000   0.0000000000000000
         hk840                      5.871818500000000    1.000000000000000   0.0000000000000000
         hk841                      4.834445700000000    1.000000000000000   0.0000000000000000
         hk842                      4.583503300000000    1.000000000000000   0.0000000000000000
         hk843                      5.760549000000000    1.000000000000000   0.0000000000000000
         hk844                      6.110553500000000    1.000000000000000   0.0000000000000000
